# Hani Ar-Rifai. Quiet the word clock still calls voiced. surah ayah startMs endMs
1 1 3912 4467
1 2 0 622
2 1 0 397
2 16 18622 18887
2 20 30736 31060
2 22 19830 20058
2 25 9344 9651
2 33 32039 32653
2 39 14316 14629
2 54 35130 35344
2 67 0 902
2 71 11147 11346
2 79 194 1159
2 83 12514 12928
2 91 32904 33280
2 102 7360 8380
2 103 18945 19148
2 107 6582 6805
2 110 0 229
2 119 62 335
2 121 0 212
2 121 7774 8398
2 124 0 556
2 128 21166 21368
2 134 16080 16640
2 135 0 1238
2 140 13455 14032
2 144 24162 24955
2 144 41230 41848
2 148 22133 22544
2 156 0 802
2 157 12502 12852
2 158 0 564
2 163 11484 11886
2 178 24493 25377
2 178 45739 46211
2 203 31442 31739
2 211 130 1064
2 228 9205 10315
2 233 0 2014
2 242 9269 9532
2 247 157 805
2 249 42462 43336
2 255 17348 18233
2 259 24479 24756
2 260 43737 44121
2 264 28922 29259
2 275 0 484
2 275 11942 12316
2 285 8182 8373
3 1 177 790
3 41 21272 21551
3 49 31903 32886
3 54 7825 8255
3 55 0 262
3 74 10218 10867
3 81 10440 10629
3 81 17872 18971
3 103 33169 33999
3 103 43261 43624
3 104 0 232
3 115 303 1094
3 162 12628 13343
3 168 8981 9921
3 195 232 520
4 7 9828 10537
4 12 0 4006
4 19 26052 26656
4 24 13016 14077
4 25 326 992
4 34 390 995
4 40 0 604
4 64 7962 8988
4 69 394 907
4 88 19360 20560
4 93 416 865
4 98 11195 11645
4 100 0 3966
4 103 82 490
4 113 6758 6986
4 114 0 3884
4 115 19223 19511
4 116 74 346
4 127 35233 35425
4 129 0 541
4 135 0 3946
4 135 24456 25035
4 148 0 4283
4 152 21027 21610
4 160 0 412
4 162 13766 14540
4 163 0 3889
4 163 4028 4482
4 167 0 452
5 1 0 344
5 12 0 5923
5 12 33443 34589
5 14 138 320
5 17 20146 20372
5 20 8478 9857
5 32 11885 12681
5 35 10956 11454
5 42 5802 6065
5 43 233 1027
5 65 10233 12132
5 67 0 6008
5 82 0 4468
5 86 11667 11860
5 96 0 217
5 107 0 212
5 108 23745 23980
5 116 501 789
6 19 5006 5471
6 26 445 941
6 34 239 602
6 46 303 905
6 52 10325 10656
6 74 261 4618
6 84 659 991
6 91 30771 31146
6 95 178 5047
6 99 12523 13597
6 108 236 613
6 111 35521 35788
6 114 0 759
6 119 25579 26245
6 120 195 585
6 124 13057 13635
6 125 158 708
6 127 217 4255
7 17 47 525
7 37 8726 9995
7 48 9049 10363
7 57 16155 16504
7 93 17824 18207
7 99 11250 11442
7 102 5341 6927
7 104 0 353
7 109 208 1536
7 113 0 523
7 126 143 1046
7 131 6944 7883
7 135 176 923
7 138 0 612
7 147 383 1513
7 169 6950 7498
7 187 6624 8001
8 11 23523 24598
8 16 9485 9904
8 17 275 661
8 36 28212 28975
8 54 6347 7324
8 66 19215 19716
8 71 13899 14106
8 72 0 524
9 15 356 1698
9 18 9554 10790
9 23 17037 18125
9 28 14904 15688
9 37 16875 17244
9 69 8783 9923
9 74 39206 40651
9 95 0 658
9 99 23989 24171
9 99 29808 30224
9 103 389 709
9 113 24134 24320
10 5 16080 17213
10 9 10677 11665
10 15 815 1496
10 21 8614 9232
10 34 10984 11774
10 41 13583 14316
10 59 427 1125
10 67 9007 9716
10 74 453 1166
10 81 686 1880
10 106 8118 9463
11 9 0 234
11 34 12036 12868
11 36 318 876
11 41 0 2050
11 49 21874 22059
11 58 0 402
11 78 6975 7907
11 108 8648 9565
11 123 27795 28082
12 5 6412 6598
12 68 0 591
12 88 76 581
12 101 2167 3216
13 3 61 243
13 4 8502 9756
13 6 19231 19417
13 11 20946 21185
13 14 12330 13905
13 16 10535 12105
13 16 47056 47268
13 17 46256 46511
13 22 6316 7566
13 31 27661 28803
13 43 17358 17580
14 1 0 1532
14 5 24870 25522
14 6 0 1314
14 20 4918 5355
14 25 14865 15882
14 27 20150 20637
14 28 0 3047
14 32 16819 18029
14 37 12484 13729
14 39 15387 15595
14 44 18800 20045
14 52 18015 18939
15 15 10712 11259
15 25 8977 9744
15 35 6835 7210
15 47 384 1449
15 60 8608 8829
15 76 5921 6103
16 5 197 379
16 7 10259 10505
16 15 0 550
16 19 47 1656
16 28 9774 10861
16 30 6252 6527
16 33 11057 11512
16 35 20215 20572
16 35 30929 31231
16 36 19991 21291
16 37 14086 14289
16 38 0 207
16 39 13317 13584
16 44 16440 16640
16 48 0 190
16 66 15732 16687
16 67 19850 20349
16 74 12678 13061
16 103 19194 19618
16 122 10623 11102
16 128 9524 10109
17 7 103 453
17 16 0 905
17 23 237 592
17 40 0 499
17 55 204 669
17 73 267 1353
17 86 45 411
17 97 142 653
17 110 276 676
18 31 23131 23935
18 60 212 743
18 71 339 643
18 79 63 565
18 83 96 612
19 1 0 766
19 16 0 257
19 27 0 1044
20 17 428 1870
20 40 351 615
20 65 363 2042
20 96 11813 12628
20 115 104 1635
20 128 9936 11287
21 4 5921 6128
21 5 7354 7557
21 9 6475 7437
21 10 10663 10945
21 11 0 305
21 18 13824 14054
21 24 0 211
21 24 21434 21995
21 32 11130 11593
21 36 18724 19043
21 43 6739 7403
21 44 21243 21551
21 50 11147 11442
21 85 4418 4629
21 103 10902 11105
21 103 17969 18625
21 112 11747 12460
22 1 0 1163
22 3 6546 6800
22 4 12727 13035
22 5 11464 12853
22 5 36266 36712
22 5 80073 80359
22 7 12909 13270
22 9 8296 8635
22 11 5708 5985
22 13 5642 5854
22 13 10528 10867
22 14 21857 22393
22 15 9786 10019
22 15 17631 17834
22 16 6580 6768
22 17 0 317
22 18 11411 11751
22 18 34935 35132
22 18 40988 41247
22 19 0 4212
22 29 108 323
22 29 4124 4305
22 30 9388 10883
22 35 18409 18834
22 36 28287 28525
22 38 0 4061
22 39 12601 12931
22 41 0 356
22 47 7120 7310
22 48 13023 13244
22 52 15892 17328
22 55 10490 10689
22 58 18828 19017
22 60 0 4000
22 62 15877 16274
22 65 10267 10641
22 70 18423 18756
22 72 34595 35135
22 74 8438 8620
22 76 9135 9352
22 77 13148 13531
22 78 30483 30667
22 78 44976 45338
22 78 52543 53133
23 7 54 274
23 11 7706 8333
23 17 11636 12042
23 18 11340 11575
23 21 48 357
23 22 5514 5695
23 30 0 336
23 50 13210 13479
23 77 13487 13767
23 118 9486 10162
24 4 11753 12046
24 21 0 4031
24 31 34775 36419
24 31 62289 62694
24 32 10232 11729
24 34 19779 24398
24 54 15931 17235
24 58 0 822
24 60 30308 30772
24 61 40692 42604
24 61 76922 77123
24 62 8104 8419
24 62 30612 30815
24 63 11387 12696
25 15 9142 10380
25 18 21055 21503
25 43 205 671
25 53 100 2569
25 61 130 1043
25 75 5967 7800
25 75 8604 9482
26 1 0 1070
26 100 373 1195
26 122 6187 6374
26 140 6479 6713
26 159 6374 6896
26 180 9064 9261
26 227 23544 23850
27 1 0 969
27 17 0 238
27 27 87 4355
27 38 207 2180
27 44 21094 22699
27 44 35364 35586
27 53 8436 8643
27 60 13780 13976
27 63 24721 25260
27 64 0 1289
27 64 26817 27011
27 68 14346 14811
27 79 8598 8934
27 86 17506 18024
27 87 0 1025
27 93 15527 16274
28 12 0 3180
28 18 19731 20454
28 19 0 1489
28 19 18826 19248
28 20 14224 14565
28 24 21551 21917
28 25 0 1397
28 25 23297 23684
28 27 18856 19315
28 27 24259 24614
28 27 28651 28879
28 28 3685 3914
28 29 12329 14041
28 34 10465 10648
28 37 21880 22491
28 38 0 1430
28 38 10659 10849
28 46 10152 10470
28 46 18753 19115
28 49 5766 7483
28 50 2977 3332
28 50 24598 24816
28 54 8252 8456
28 56 15919 16405
28 57 0 2112
28 61 20217 20480
28 67 12560 13009
28 70 14562 15125
28 71 9849 10042
28 71 16725 16921
28 72 0 539
28 76 62 481
28 78 18466 21059
28 82 18571 18808
28 83 22394 22648
28 86 10570 11004
28 87 9165 11069
28 88 18940 19670
29 1 0 1202
29 8 24364 24947
29 12 22283 22725
29 16 7300 8690
29 28 0 485
29 33 11073 11395
29 36 0 316
29 39 16314 16528
29 40 34596 34821
29 42 8125 8533
29 45 23488 23745
29 46 10169 10404
29 46 22515 22709
29 47 11471 11682
29 69 12922 13505
30 1 0 1058
30 24 0 227
30 29 17293 17659
30 60 12585 12931
31 14 9516 10870
31 16 12021 13491
31 19 13011 13244
31 22 0 2052
31 25 10288 10878
31 32 26064 26253
31 34 29583 30145
32 6 6909 7254
32 14 18595 18808
32 15 0 1977
33 4 17461 18898
33 18 301 2409
33 19 10784 11160
33 19 18022 18317
33 21 12297 13468
33 22 20567 21760
33 26 13342 13640
33 28 14778 15100
33 33 10160 11201
33 34 14012 14341
33 54 0 471
33 55 29517 30640
33 73 21346 21812
34 1 8303 8524
34 3 19497 19759
34 5 0 226
34 7 13156 13510
34 9 28436 29518
34 11 4935 5172
34 12 6583 6920
34 12 10006 10514
34 15 21081 21943
34 17 4474 4695
34 18 12348 12710
34 19 14468 14692
34 20 0 205
34 21 13686 14245
34 22 11497 11701
34 22 14481 14966
34 22 18849 19226
34 22 24586 24869
34 23 15003 15431
34 23 20651 20976
34 24 5984 6349
34 25 9697 9979
34 28 17363 17685
34 29 0 227
34 31 0 204
34 31 15623 16015
34 32 12495 12900
34 33 37562 37982
34 34 9230 10723
34 35 9413 9665
34 36 8351 8533
34 37 26204 26514
34 38 5903 6181
34 39 40 260
34 39 10174 10477
34 39 16915 17119
34 39 21049 21368
34 41 16489 16797
34 43 17167 17560
34 45 3813 4037
34 45 14634 14838
34 46 13605 13793
34 47 3682 3873
34 50 5924 6114
34 50 11579 11843
34 51 8778 9091
34 53 4407 4700
34 54 16994 17293
35 12 10911 12314
35 22 20032 20297
35 23 0 1462
35 29 6153 7340
35 32 56 513
35 45 29911 30196
36 9 10363 10581
36 9 15208 15491
36 19 4722 5537
36 19 27488 27742
36 27 6295 6557
36 30 12774 13244
36 38 8457 8648
36 46 55 1081
36 55 8794 10323
36 59 5317 5616
36 81 13975 14237
36 83 9688 10449
37 1 0 1076
37 3 346 536
37 21 10038 11099
37 34 6157 6557
37 60 4471 4676
37 74 5221 5512
37 113 13072 13505
37 123 0 378
37 148 5650 5982
37 163 3852 4153
37 164 0 832
37 182 5582 5851
38 1 0 1160
38 42 2287 2496
38 88 6428 6792
39 24 443 1852
39 32 0 3350
39 33 9117 9326
39 34 0 180
39 38 38498 38792
39 41 7657 7989
39 44 8019 8332
39 44 13106 13401
39 45 4829 5046
39 46 5324 5566
39 52 8720 9908
39 54 12458 12638
39 61 12566 12878
39 63 4280 4590
39 70 9417 9718
39 73 19680 19869
39 75 10702 10924
39 75 13909 14106
39 75 14401 14658
39 75 20649 21107
40 27 9555 10532
40 34 16572 17808
40 49 7261 8161
40 60 66 1680
40 78 22951 24053
40 83 14434 15105
41 30 7663 9121
41 34 3300 4579
41 40 18705 19187
41 40 27725 27951
42 48 31942 32131
42 52 6714 7360
42 53 13022 13558
43 45 6349 6778
43 58 5261 5640
43 65 317 1799
43 84 340 895
43 89 8353 8882
45 1 0 993
45 5 8952 9156
45 31 13951 14166
46 7 16656 16927
46 8 0 793
46 12 20809 21264
46 16 19884 20140
46 20 31373 31739
46 21 0 371
46 26 27676 29057
47 1 0 1045
47 13 99 778
47 17 675 1520
47 31 394 848
48 10 18509 19569
48 17 9451 10878
49 9 9821 11062
49 13 5898 7036
49 18 12738 13218
50 29 3958 4745
51 1 0 1271
51 8 6858 8730
51 28 0 1673
51 60 8964 9509
52 17 0 1703
54 31 6439 7406
55 56 41 845
55 78 6347 6766
56 75 0 1192
56 96 5209 5904
57 1 0 1054
57 9 15832 17552
57 10 6145 6721
57 27 24676 26561
57 29 22947 23562
58 7 7689 8879
59 2 22720 23783
59 7 16714 17770
59 11 0 327
60 4 8527 9512
60 6 19047 19331
60 12 15893 16778
60 13 17336 17868
61 14 17981 18922
62 6 12443 12626
63 7 16678 16918
63 11 13528 14184
64 1 9442 9813
64 18 6480 7001
65 5 14633 15203
65 12 27795 28238
66 6 29771 29954
66 9 15802 16144
67 9 17937 18190
67 11 7892 8411
68 33 9926 10162
68 51 9836 10745
69 49 94 914
71 16 264 1237
72 11 152 847
75 40 7281 8020
76 15 45 1008
76 31 11079 11442
77 50 5692 7236
78 40 145 1084
78 40 20153 20872
79 14 2950 3474
79 34 346 1481
80 17 0 487
80 33 186 671
81 14 355 971
81 29 9307 10162
82 1 0 1159
83 22 48 784
84 1 0 1043
84 1 4378 4624
84 3 2108 2325
84 5 3089 3396
84 21 6772 7276
84 25 8767 9822
85 1 0 1058
85 9 9264 9561
85 10 0 382
85 10 15369 15726
86 8 0 209
86 17 5323 6034
87 1 0 1070
87 19 3444 4650
88 21 327 846
88 26 5058 5277
89 15 11743 12042
92 14 119 735
95 1 0 1177
95 1 1405 1598
97 5 4149 4389
100 11 5878 6583
101 1 0 943
102 1 0 978
102 8 7462 8673
103 2 4255 4441
103 3 10618 11468
106 1 0 1072
107 1 0 1046
109 6 4073 5016
110 1 0 772
111 1 0 1052
114 6 5470 6766
